local function _(t)local s=""for i=1,#t do s=s..string.char(t[i])end return s end

local k=_( {78,105,104,111,110,76,111,97,100,101,114,95,75,101,121,95,82,101,97,108} )
getgenv()._nl=k

task.wait()

local gtbl={
["7398552394"]=_( {104,116,116,112,115,58,47,47,114,97,119,46,103,105,116,104,117,98,117,115,101,114,99,111,110,116,101,110,116,46,99,111,109,47,78,111,83,107,105,108,108,83,116,117,100,105,111,115,47,90,101,110,47,109,97,105,110,47,78,105,104,111,110,90,101,110} ),
["125224440903394"]=_( {104,116,116,112,115,58,47,47,114,97,119,46,103,105,116,104,117,98,117,115,101,114,99,111,110,116,101,110,116,46,99,111,109,47,78,111,83,107,105,108,108,83,116,117,100,105,111,115,47,90,101,110,47,109,97,105,110,47,78,105,104,111,110,90,101,110} ),
["3286380229"]=_( {104,116,116,112,115,58,47,47,114,97,119,46,103,105,116,104,117,98,117,115,101,114,99,111,110,116,101,110,116,46,99,111,109,47,78,111,83,107,105,108,108,83,116,117,100,105,111,115,47,90,101,110,47,109,97,105,110,47,85,110,110,97,109,101,100,83,104,111,111,116,101,114} ),
["17887390746"]=_( {104,116,116,112,115,58,47,47,114,97,119,46,103,105,116,104,117,98,117,115,101,114,99,111,110,116,101,110,116,46,99,111,109,47,78,111,83,107,105,108,108,83,116,117,100,105,111,115,47,90,101,110,47,109,97,105,110,47,85,110,110,97,109,101,100,83,104,111,111,116,101,114} ),
["9294074907"]=_( {104,116,116,112,115,58,47,47,114,97,119,46,103,105,116,104,117,98,117,115,101,114,99,111,110,116,101,110,116,46,99,111,109,47,78,111,83,107,105,108,108,83,116,117,100,105,111,115,47,90,101,110,47,109,97,105,110,47,79,110,101,84,97,112} ),
["85207102870777"]=_( {104,116,116,112,115,58,47,47,114,97,119,46,103,105,116,104,117,98,117,115,101,114,99,111,110,116,101,110,116,46,99,111,109,47,78,111,83,107,105,108,108,83,116,117,100,105,111,115,47,90,101,110,47,109,97,105,110,47,79,110,101,84,97,112} ),
}

local pid=tostring(game.PlaceId)
local url=gtbl[pid]

if not url then
game:GetService(_({80,108,97,121,101,114,115})).LocalPlayer:Kick(_({78,105,104,111,110,32,72,117,98,32,124,32,85,110,115,117,112,112,111,114,116,101,100}))
return
end

local function ld(u)
local s,r=pcall(function()
return loadstring(game:HttpGet(u))()
end)
if not s or not r then return nil end
return r
end

local a=ld(_({104,116,116,112,115,58,47,47,114,97,119,46,103,105,116,104,117,98,117,115,101,114,99,111,110,116,101,110,116,46,99,111,109,47,78,111,83,107,105,108,108,83,116,117,100,105,111,115,47,90,101,110,47,109,97,105,110,47,83,101,99,111,110,100,83,99,114,105,112,116}).."?v=2")
local b=ld(url.."?v=2")

if not a or not b then
error(_({108,111,97,100,32,102,97,105,108}))
return
end

if not a._ok or not b._ok then
error(_({118,101,114,105,102,121,32,102,97,105,108}))
return
end

if a.init then a.init() end
if b.init then b.init() end
